75
219.155377121 345.071775272 -415.802489703 -401.867884164 10 1 0 0 255
463.802327112 202.832028301 89.5246575356 -53.0641068491 10 1 0 0 255
134.850038797 698.376975439 35.6118434308 -56.9131346067 10 1 0 0 255
124.275223253 197.192989446 68.501445189 -66.8000178955 10 1 0 0 255
159.861236018 308.560922064 100.988822328 -0.429453224229 10 1 0 0 255
122.183402242 122.129838961 49.7018695499 8.48892392111 10 1 0 0 255
428.718177125 618.118851782 9.53896904325 33.6331820262 10 1 0 0 255
407.386161333 575.83360616 -14.4122545553 -2.85343631689 10 1 0 0 255
642.595592296 507.576813185 30.1230618691 -35.4534117648 10 1 0 0 255
187.450792536 637.215781718 11.5994758169 -27.8509597146 10 1 0 0 255
618.872421741 498.797701818 -5.02104693847 -42.2582831439 10 1 0 0 255
143.234899343 379.676457805 46.5273019815 35.6909026092 10 1 0 0 255
424.514104092 113.905109129 33.8998088171 4.5055140724 10 1 0 0 255
145.464845494 134.089271851 -60.9649490291 46.4392179615 10 1 0 0 255
594.503223424 574.386476037 -171.088612782 -3.76945994651 10 1 0 0 255
529.66908609 413.11993632 -48.237377434 -19.8615066983 10 1 0 0 255
602.337579332 315.640750044 49.955211241 0.521438416783 10 1 0 0 255
536.216716443 264.668616017 -64.5635708099 20.2758020364 10 1 0 0 255
89.2562864619 253.90419308 -17.9869336393 -2.3034066376 10 1 0 0 255
549.895559935 393.422643453 -30.8881134706 40.4253614324 10 1 0 0 255
430.306004431 270.618090058 49.5172812908 -6.81834374228 10 1 0 0 255
281.013234319 612.201120474 -40.7598567488 -20.4394048279 10 1 0 0 255
84.2432717889 619.289067232 -80.3178552062 -41.1511987403 10 1 0 0 255
143.640701464 447.385153148 45.3365228746 33.3475413053 10 1 0 0 255
662.751978017 138.417894338 -19.4114773703 102.36494344 10 1 0 0 255
226.331838692 669.132371955 52.7582842448 22.9459272684 10 1 0 0 255
106.992606915 163.391346385 2.43823962344 -8.61433000079 10 1 0 0 255
199.007466393 275.734873167 -29.1479858898 -4.7147048713 10 1 0 0 255
263.016023413 278.916373426 13.530272289 24.1030585905 10 1 0 0 255
663.472844168 593.561772621 55.4470755202 15.4709681993 10 1 0 0 255
162.504360097 428.111218451 44.6480506936 -23.7132910415 10 1 0 0 255
555.209378646 608.26506892 90.022889862 35.5012061935 10 1 0 0 255
439.301302646 383.492212378 22.5764222671 27.4989050178 10 1 0 0 255
734.382252705 343.930853033 -46.437623724 3.37434297503 10 1 0 0 255
174.020054674 453.37070824 14.7304184061 -56.4621199961 10 1 0 0 255
114.374775577 472.859247579 -97.2174682085 -5.63259227826 10 1 0 0 255
571.612407245 384.890381671 65.6519593167 -10.4712117557 10 1 0 0 255
111.578380668 72.0590923563 -1.11564509612 -47.3802390245 10 1 0 0 255
719.625294518 540.332156255 -32.0743098525 69.156968916 10 1 0 0 255
320.932551129 349.622724524 34.1012142841 -45.3610858123 10 1 0 0 255
659.796562587 466.070275318 33.5372212975 37.0334287642 10 1 0 0 255
138.75623565 644.05505764 35.9580698539 109.512286446 10 1 0 0 255
87.666162137 474.290492838 -20.3940768039 70.6179400782 10 1 0 0 255
515.966365925 537.762720298 -36.2310701966 13.1280911274 10 1 0 0 255
406.74466239 199.849669349 -20.4881067703 51.4232799205 10 1 0 0 255
481.945079031 280.060011011 47.4992250591 10.5020770516 10 1 0 0 255
706.451719913 605.669502078 17.5794628601 -59.0225481045 10 1 0 0 255
734.733554948 102.513966823 65.4616360776 44.6521532907 10 1 0 0 255
410.564523619 61.2741818814 76.0605386049 -26.8082431986 10 1 0 0 255
68.613272047 238.73434029 -98.5649274334 -22.5635287822 10 1 0 0 255
725.369328296 732.863493917 -8.4817107858 85.6851545849 10 1 0 0 255
160.468160048 348.793667255 20.3431014246 17.0534267951 10 1 0 0 255
651.120985373 409.612736132 -34.6862970268 -30.0936773394 10 1 0 0 255
364.982427847 210.704993065 -30.2820732789 1.19943083848 10 1 0 0 255
358.903375562 545.698771376 1.8420849466 2.8420325088 20 20 255 0 0
676.488393085 391.321589026 3.6382910244 6.9624295729 20 20 255 0 0
546.379533124 586.510281928 -1.28842304953 -49.8612834433 20 20 255 0 0
448.4023804420 104.333899520 7.4123120419 3.81304739120 20 20 255 0 0
557.53341426 176.871695020 3.3809031106 1.793972428 20 20 255 0 0
505.075471455 232.985582946 -8.92917349118 3.5236820562 20 20 255 0 0
172.745825323 257.038095776 1.534215412 -1.7929766582 20 20 255 0 0
164.716008529 516.6869207220 -1.33694449053 5.28843614 20 20 255 0 0
224.1272887320 122.353898267 4.5668372916 -4.6728950823 20 20 255 0 0
739.507540169 527.063912297 3.8381901122 3.3601262307 20 20 255 0 0
206.424361578 294.893585133 -8.2812160802 3.9249988769 20 20 255 0 0
162.106800996 664.905079979 13.418496466 -6.80445428452 20 20 255 0 0
296.209723078 719.89405727 2.2302330154 9.22131442917 20 20 255 0 0
334.138082089 235.4939873 -1.3885844264 -3.22946725014 20 20 255 0 0
455.688163487 476.446517394 -4.805108166 -1.8304926226 20 20 255 0 0
423.012571489 491.357072785 1.9541072420 -5.0413123209 20 20 255 0 0
529.94160264 98.7064155124 -2.2111141932 1.2620902668 20 20 255 0 0
268.707170133 554.0434366520 -7.6117538614 -2.71850938225 20 20 255 0 0
572.497504536 525.915137345 -8.9579561039 9.17679153424 20 20 255 0 0
498.903478884 171.695264919 2.4495667576 -4.15021402 20 20 255 0 0
690.3859657420 447.840169553 -1.04948345520 1.052790829 20 20 255 0 0
4
50 50 1 0 700 2 0 0 0
50 50 0 1 700 2 0 0 0
750 750 -1 0 700 2 0 0 0
750 750 0 -1 700 2 0 0 0
650 50 1 1 100 2 0 0 0

800 0.1
