34
60 400 -93.2767114947 0.0 10 1 0 0 255
80 400 15.1824898325 0.0 10 1 0 0 255
100 400 8.06006460872 0.0 10 1 0 0 255
120 400 101.551318189 0.0 10 1 0 0 255
140 400 12.9233055673 0.0 10 1 0 0 255
160 400 -11.2353308788 0.0 10 1 0 0 255
180 400 4.22010251075 0.0 10 1 0 0 255
200 400 -71.0134550366 0.0 10 1 0 0 255
220 400 -73.7747162478 0.0 10 1 0 0 255
240 400 -54.1332731952 0.0 10 1 0 0 255
260 400 111.205511462 0.0 10 1 0 0 255
280 400 -52.9304749662 0.0 10 1 0 0 255
300 400 -25.1267957521 0.0 10 1 0 0 255
320 400 -65.7331575608 0.0 10 1 0 0 255
340 400 -67.3185849807 0.0 10 1 0 0 255
360 400 59.4104102075 0.0 10 1 0 0 255
380 400 9.3547276502 0.0 10 1 0 0 255
400 400 -3.01926950316 0.0 10 1 0 0 255
420 400 20.6291666036 0.0 10 1 0 0 255
440 400 -7.1670149239 0.0 10 1 0 0 255
460 400 -54.251025271 0.0 10 1 0 0 255
480 400 47.1035278052 0.0 10 1 0 0 255
500 400 141.397448371 0.0 10 1 0 0 255
520 400 18.788072683 0.0 10 1 0 0 255
540 400 10.951094827 0.0 10 1 0 0 255
560 400 60.836974299 0.0 10 1 0 0 255
580 400 22.4103297437 0.0 10 1 0 0 255
600 400 74.5251972872 0.0 10 1 0 0 255
620 400 -21.33149043 0.0 10 1 0 0 255
640 400 22.148109981 0.0 10 1 0 0 255
660 400 -30.9304508369 0.0 10 1 0 0 255
680 400 22.5536122944 0.0 10 1 0 0 255
700 400 103.201587036 0.0 10 1 0 0 255
720 400 33.0041648547 0.0 10 1 0 0 255
2
0 389 1 0 800 2 0 0 0
0 411 1 0 800 2 0 0 0

800 0.1
