75
348.956100916 296.517209579 -9.668620966 54.914053669 10 1 0 0 255
399.338976001 270.654426171 4.36136508567 -24.9885347593 10 1 0 0 255
408.009610316 53.3692726497 4.11092145345 -54.9493581252 10 1 0 0 255
426.135135878 480.155189392 -19.2937229886 23.4684528618 10 1 0 0 255
739.230140611 77.1950977256 -71.7059823203 -17.6315372767 10 1 0 0 255
516.227530793 502.963593992 52.2977576089 -94.6894625657 10 1 0 0 255
499.230979402 84.7317655464 -25.0758825709 -123.784068238 10 1 0 0 255
111.985121388 392.58285128 45.124098183 93.2900168845 10 1 0 0 255
432.315694911 661.931448527 77.6642173489 -10.2813233129 10 1 0 0 255
62.2627943071 200.224445448 35.377556187 -9.09165103617 10 1 0 0 255
519.575550884 107.21968212 -65.5347955745 -3.80630051459 10 1 0 0 255
225.408167178 535.209550645 81.7558205943 0.674937234317 10 1 0 0 255
100.089572469 160.829385546 -100.942930777 26.5794168142 10 1 0 0 255
490.273646271 569.955925062 73.706574134 -78.6059587514 10 1 0 0 255
681.641058343 497.849503679 14.2235552193 43.2850052005 10 1 0 0 255
84.7888977401 262.10121851 -2.14949639923 100.356422382 10 1 0 0 255
700.741533428 519.063283408 5.12054265011 -16.1303674056 10 1 0 0 255
699.403254763 716.267129346 -58.7746325984 45.9905951837 10 1 0 0 255
437.766704872 432.764155328 26.798393153 40.962939104 10 1 0 0 255
529.602503993 250.132931897 53.0208225837 105.728674308 10 1 0 0 255
655.86966438 668.623975391 -43.3864431881 -38.3704878317 10 1 255 0 0
713.440686685 89.4405473904 -17.5561480647 -9.73716459513 10 1 0 0 255
61.2435678147 235.386381834 -19.7024291392 -69.8248783261 10 1 0 0 255
700.205001741 448.498432612 77.8259442867 50.3754142795 10 1 0 0 255
97.2726932874 524.677752653 -29.7617675732 0.674197899085 10 1 0 0 255
318.054867136 739.648812614 -21.1167482179 32.5875960208 10 1 0 0 255
243.212089123 738.292142364 23.9872010166 93.8859403007 10 1 0 0 255
731.669880019 294.243882701 4.72526347633 -54.8886150195 10 1 0 0 255
364.730082497 690.801123583 109.133425729 -7.2007329884 10 1 0 0 255
666.677391108 341.334843714 99.0305223372 41.8756221241 10 1 0 0 255
119.264152348 624.35081718 -36.2395755806 14.1702277288 10 1 0 0 255
276.45717612 247.570761137 31.4175162024 20.9174921795 10 1 0 0 255
98.396833291 522.145508462 -27.343049752 26.8909296402 10 1 0 0 255
447.339162562 301.084406318 30.4810275271 -91.0854080574 10 1 0 0 255
657.731958179 460.560497164 -10.0537621112 116.595733517 10 1 0 0 255
523.435346898 381.515796688 29.1871513227 25.8928913389 10 1 0 0 255
425.422816587 485.31420974 -4.98600440673 -20.9826230338 10 1 0 0 255
110.710742828 154.985538641 7.54501229374 13.1201542704 10 1 0 0 255
86.3526159421 448.129517153 -0.29119093063 27.5961013654 10 1 0 0 255
681.206494268 253.984051622 -24.0764677595 -14.1681892983 10 1 0 0 255
704.728747483 374.503859658 -71.9176445116 -11.8026326027 10 1 0 0 255
109.60981301 396.956173266 -51.726471093 66.2466118871 10 1 0 0 255
620.316255896 408.353630673 -17.7069759759 -11.2058265057 10 1 0 0 255
315.105054511 233.372927328 -49.0071410789 6.37688086132 10 1 0 0 255
643.492115999 512.658269079 -131.465406355 -4.34250515909 10 1 0 0 255
123.93033147 243.623726804 36.3392060001 -1.56797874927 10 1 0 0 255
219.085751647 693.384862553 -60.2431231686 -60.9991363181 10 1 0 0 255
296.790769684 309.923256616 68.7059671818 -50.836453363 10 1 0 0 255
167.86378473 456.263298895 13.2959051683 -50.6055294914 10 1 0 0 255
275.417938376 637.514080777 52.484657484 2.26076663468 10 1 0 0 255
67.522169513 325.617424928 -17.6200812432 -3.2082209026 10 1 0 0 255
229.52825823 705.238717023 4.02687553408 4.8468883711 10 1 0 0 255
79.5911911675 640.096026289 -10.3057067663 -60.9607978296 10 1 0 0 255
279.650421516 610.058402866 9.05119700752 -49.3073967721 10 1 0 0 255
499.871426107 663.477659181 -112.311659878 20.3033665298 10 1 0 0 255
337.872574166 241.499060327 -0.621853796033 -96.141687626 10 1 0 0 255
158.667489557 565.896782812 65.7662241419 29.3141857602 10 1 0 0 255
663.306993983 666.452448346 -26.1147518762 -23.6506374475 10 1 0 0 255
213.641564475 179.45980709 34.2650918305 -23.1931700935 10 1 0 0 255
557.683467866 385.845554766 18.9497318974 21.0443265289 10 1 0 0 255
506.576755006 213.269335018 51.1815383799 42.4618829958 10 1 0 0 255
433.359253141 89.079282155 95.6822207956 -103.365733183 10 1 0 0 255
204.44111607 618.157730621 49.906660384 51.1888254028 10 1 0 0 255
501.675174649 725.885419999 -73.0028352744 -0.84844889757 10 1 0 0 255
710.788481506 472.980908058 60.4857443464 -83.4730474121 10 1 0 0 255
666.372418125 726.269001509 -22.1611873855 -31.4089892772 10 1 0 0 255
413.020859913 59.6735508758 -103.908122436 85.3526756426 10 1 0 0 255
187.374111515 69.2112931442 23.3867351569 49.5243567789 10 1 0 0 255
564.408575839 243.249926905 -45.3461816858 3.82672722713 10 1 0 0 255
205.062188088 598.463331836 -125.53640696 -96.2475055386 10 1 0 0 255
126.294342571 731.094790434 32.780174032 -32.0496722786 10 1 0 0 255
355.420567145 674.930713554 -8.6081714411 -36.0412228529 10 1 0 0 255
635.315598373 67.8723755695 -31.9094847228 93.6684724192 10 1 0 0 255
248.084422599 681.910348785 53.8761632295 63.2229040609 10 1 0 0 255
528.147588978 348.54076393 -9.90592439598 32.0015680304 10 1 0 0 255
4
50 50 1 0 700 2 0 0 0
50 50 0 1 700 2 0 0 0
750 750 -1 0 700 2 0 0 0
750 750 0 -1 700 2 0 0 0

800 0.05
